7636561785704746253
7636551911537167630
7636546089281129742
7635672908672552205
7635644843007560973
7577030156976524575
7635642839522741518
7635640458969943310
7635286122389589261
7635283895054814478
7635275026253499662
7636759036821556494
7636751293763112206
7636743570950606093
7636619888127200525
7635088714481339661
7637290238146071822
7637114362439781645
7637107552710364429
7637102669546392845
7637020963808300302
7637662655750098189
7637516253443214605
7637435973869047053
7637396705134071054
7637305710933560590
7637861195810098446
7637851083787881742
7637848031395728653
7637845549437160717
7637839364042673421
7638227185635052814
7638224185549966605
7638216349172436237
7638169442282753294
7638132953389747470
7638774339478768910
7638640115451038990
7638606409411677453
7638595502191250702
7638591468273224974
7639154453160971533
7639146581710867725
7638988717398445325
7638978141033106701
7638975608919248142
7639379242316287246
7639369760764939534
7639340853680475405
7639331230294494478
7639250406563925261
7639729128261963022
7639720817902865677
7639715342822001934
7639629476678126861
7639195897888394510
7640260176188017934
7640128078114589966
7640092182472428813
7640089117279161613
7640085859127004429
7640419760626306317
7640332326450253070
7640330803448204557
7640080793104125198
7639979653897227534
7641002801178397965
7640850697499561229
7640848396097490190
7640845447736659213
7640833580003757325
7641382252525440270
7641374506870721806
7641216457388428557
7641208727005089038
7641200975411252494
7641753543975734542
7641745808454438158
7641600375614639373
7641566318302481678
7641557052745108750
7642123646491839757
7642115794930765069
7641958494446357773
7641949614806961422
7641945107096292621
7642486302469901582
7642348900296248590
7642326225960176910
7642323731360075021
7642321807550254350
7642702075855375630
7642696377721425166
7642692991164943630
7642690570854370573
7642688974091226382
7643094340927081741
7643089532719615246
7643086466029014285
7643075634008198413
7643066361358454030
7643600477585706254
7643461735734693133
7643350831139474701
7643345649399876877
7643320647329844494
7643799283245911310
7643784174767312141
7643739429496048910
7643736009338850574
7643728982440938765
